diamond  1 2007年06月01日02时地面观测（全站点）              
  07  06  01  02   3505
53352 110.43  41.70 1377 1    0  220    2  001   -9    1    1   9999 9999 9999 9999   -9   30    2   14 9999 9999 9999 9999
57378 112.57  31.17   66 1   10  360    2  060   -7    6    0    0.6 9999   10 9999   18   12   21   21   27 9999 9999 9999
57256 110.78  32.65  287 1    1  220    1  076  -10    1    1   9999 9999    0 9999   16   30    2   18 9999   12 9999 9999
56571 102.27  27.90 1592 1   10  360    5 9999   12    8    0    0.7   39   10 1000   12   20   80   21 9999 9999 9999 9999
59948 109.52  18.23    7 1    9  160    1  076   -1    1    1   9999   32    9 1000   25   20    2   29 9999 9999 9999 9999
59096 114.48  24.37  215 1    9  160    1  062  -10    8    0   0.01   34    9 1000   23   15    0   26 9999 9999 9999 9999
57972 113.03  25.80  184 1    0  180    3  042   -4    1    1   9999 9999 9999 9999   22   18    2   29 9999 9999 9999 9999
54497 124.33  40.05   14 1   10  160    1  112   -2    1    1   9999   35   10 1000   14   12    2   17 9999 9999 9999 9999
54335 122.08  41.68   38 1   10  200    6  092   -6    6    6      7 9999   10 9999   16   10   61   16   22 9999 9999 9999
54527 117.06  39.08    4 1   10  160    1  087  -15    6    0    0.2 9999   10 9999   17    7   10   18   22 9999 9999 9999
57741 109.18  27.72  281 1   10   90    1  027    2    9    0   9999   35   10 2000   23   25    0   27 9999 9999 9999 9999
58734 118.11  27.33  196 1    9  220    1  046   -7    1    1   9999   35    9 1500   24   12    2   25 9999 9999 9999 9999
17601  32.98  34.58   23 1    0  270    8  112    3    1    1   9999 9999 9999 9999   15   16    2   21 9999 9999 9999 9999
16597  14.48  35.85   91 1    2  250    3  173    0    1    1   9999 9999    0 9999   14   15    2   20 9999   11 9999 9999
13579  20.82  41.10  705 1    6  320    2  150   12    1    1   9999   38    6 1500    9   20    2   14 9999 9999 9999 9999
41170  51.57  25.25   10 1    0   20    2  049 9999    0    0   9999 9999 9999 9999   28    9    5   31 9999 9999 9999 9999
57583 113.91  29.98   36 1   10  340    1  044  -14    6    0      2 9999   10 9999   22   10    0   24   27 9999 9999 9999
57265 111.67  32.38   91 1    4  270    3  062  -14    6    0   0.01   35    4 2000   18    6   10   21 9999 9999 9999 9999
57545 109.41  29.51  460 1   10    0    0  040   -3    9    8      2   35    9 2000   20    7   10   24   27 9999 9999 9999
57355 110.33  31.03  335 1   10   90    1  061   -7    8    0      4   35   10 2000   21    7   10   21 9999 9999 9999 9999
57381 113.38  31.72   98 1   10  290    3  054  -10    6    0    0.2 9999   10 9999   18    8   21   22   27 9999 9999 9999
57279 112.75  32.15  127 1   10   40    1  059  -10    0    0   9999 9999   10 9999   17    9   10   21   27 9999 9999 9999
96315 114.93   4.93   29 1    9  200    2  103 9999   19   12   9999   39    4  600   24   10  129   26   26   13 9999 9999
56287 103.00  29.98  629 1   10  250    9  095   -1    6    0    0.4   35   10  600   15   20   60   21 9999 9999 9999 9999
57482 113.95  30.90   26 1   10  340    2  052   -9    6    0   0.01 9999   10 9999   21    6   10   23   27 9999 9999 9999
57259 110.76  32.03  427 1    9  270    1  087  -11    6    0   0.01 9999    9 9999   16   18    0   18   24 9999 9999 9999
57359 110.77  31.23  276 1   10    0    0  074   -4    1    1   9999 9999   10 9999   18   20    2   20   27 9999 9999 9999
58715 116.65  27.58   82 1    9  160    4  034   -9    1    1   9999 9999    9 9999   23   30    2   27   24 9999 9999 9999
57798 114.60  27.40   86 1    7  270    1  026   -9    1    1   9999 9999    1 9999   24   14    2   26   23   12 9999 9999
