diamond  1 2007年06月01日05时地面观测（全站点）              
  07  06  01  05   2968
16597  14.48  35.85   91 1    0  210    2  182    9    1    1   9999 9999 9999 9999   14   15    2   18 9999 9999 9999 9999
57378 112.57  31.17   66 1   10  360    1  051   -8    6    0   9999 9999   10 9999   19   12    0   21   27 9999 9999 9999
57256 110.78  32.65  287 1    0  250    1  067   -9    1    1   9999 9999 9999 9999   15   30    2   17 9999 9999 9999 9999
53352 110.43  41.70 1377 1    0   40    1  997   -3    1    1   9999 9999 9999 9999   -8   30    2   12 9999 9999 9999 9999
58457 120.17  30.23   43 1   10  200    2  031   -5    9    8   9999   37   10  300   22  1.0   92   22 9999 9999 9999 9999
58336 118.52  31.70   20 1   10    0    0  017   -5    6    0   9999   37    9  600   21   10   60   22   27 9999 9999 9999
57718 106.73  27.10 1037 1   10  320    4  063    0    0    0   9999   35   10 1000   18   12   80   18 9999 9999 9999 9999
57841 109.66  26.56  321 1    9  200    2  022   -6    1    1   9999   35    9 2000   23   10    2   27 9999 9999 9999 9999
57972 113.03  25.80  184 1    0  180    2  034   -7    1    1   9999 9999 9999 9999   21   15    2   29 9999 9999 9999 9999
54527 117.06  39.08    4 1   10  180    2  085   -1    0    0   9999 9999   10 9999   16    7   10   18   22 9999 9999 9999
54497 124.33  40.05   14 1   10   40    1  111    0    1    1   9999   35   10 1000   14   10    2   16 9999 9999 9999 9999
54335 122.08  41.68   38 1   10  200    7  087   -4    6    0   9999   37    9 1000   16   10    0   16   22 9999 9999 9999
59096 114.48  24.37  215 1   10  160    1  056   -6    8    0   9999   34   10 1000   24   13   25   26 9999 9999 9999 9999
59288 113.10  23.01    7 1    2  200    2  054  -10    1    1   9999   31    3 1000   25   23    2   29 9999 9999 9999 9999
50953 126.77  45.75  143 1   10  160    3  068    8    1    1   9999 9999   10 9999   13   15    2   19   22 9999 9999 9999
50656 126.51  48.28  272 1    9  160    3  042    0    1    1   9999   32    9 1000   12   18    2   18 9999 9999 9999 9999
50867 127.35  46.08  135 1   10  110    1  068    6    1    1   9999 9999   10 9999   13   12    2   16   22 9999 9999 9999
50779 134.28  48.36   66 1    7  220    4  074    5    1    1   9999 9999    0 9999   12   16    2   21 9999   11 9999 9999
50246 124.71  52.31  359 1   10  290    2  982    1    1    1   9999 9999    0 9999    9   25    2   13 9999   17 9999 9999
50963 128.73  45.97  110 1   10   70    2  080    3    1    1   9999   35   10 2000   12   10    2   14 9999 9999 9999 9999
50950 125.25  45.70  150 1   10  180    7  045    2    1    1   9999   35    8 2000   15   12    2   20   22 9999 9999 9999
50353 126.65  51.72  178 1    7  140    2  009    0    1    1   9999 9999    0 9999   10   20    2   17 9999   12 9999 9999
50877 129.58  46.30  101 1   10    0    0  084    3    1    1   9999 9999    0 9999   12   11    2   13 9999   17 9999 9999
58619 116.37  27.97   51 1   10    0    0  024   -4    8    0   9999   39    1 1500   25   12   25   27   27 9999 9999 9999
57894 114.17  26.58  838 1    0  290    2  044   -6    1    1   9999 9999 9999 9999   21   15    2   21 9999 9999 9999 9999
58502 116.00  29.73   37 1   10  270    3  026   -2    6    0   9999   35   10 2000   21   15   60   23 9999 9999 9999 9999
59092 114.81  24.91  207 1    9   90    2  050   -5    1    1   9999 9999    9 9999   26   18    2   26   23 9999 9999 9999
58806 116.01  26.48  210 1    9  200    3  046   -8    1    1   9999   35    9 1500   22   15    2   26 9999 9999 9999 9999
58718 116.53  27.21  107 1    9  220    3  034   -2    1    1   9999   35    6 2000   21   20    2   26   24 9999 9999 9999
