diamond  1 2007年06月01日11时地面观测（全站点）              
  07  06  01  11   3099
57256 110.78  32.65  287 1    2  270    2  066   -4    1    1   9999 9999    3 9999   17   30    2   26   23   11 9999 9999
58336 118.52  31.70   20 1   10  290    3  031    8    6    0   9999 9999   10 9999   20    9   10   22   27 9999 9999 9999
58047 119.23  34.30    5 1   10   90    4  066   13    6    0   9999   37    8  300   15   20   60   18   22 9999 9999 9999
58259 120.85  31.98    6 1   10   90    2  035    0    6    6   9999 9999   10 9999   20   12   60   21   22 9999 9999 9999
57378 112.57  31.17   66 1    9  360    2  068    4    1    1   9999 9999    9 9999   17   14    2   24   23 9999 9999 9999
53352 110.43  41.70 1377 1    0  270    5  984   -2    1    1   9999 9999 9999 9999  -11   30    2   28 9999 9999 9999 9999
53687 113.63  37.78  752 1    0    0    0  051  -10    0    0   9999 9999 9999 9999   14    8    5   23 9999 9999 9999 9999
59845 109.58  19.52  169 1    1  180    2  056   -1    1    1   9999   31    1 1000   23   30    2   33 9999   12 9999 9999
57741 109.18  27.72  281 1   10   90    2  062    2    1    1   9999   35   10 2000   21   20    2   24 9999 9999 9999 9999
57912 106.66  26.16  989 1   10   40    4  073    3    8    0   9999   35   10 1000   16   12    0   20 9999 9999 9999 9999
57996 114.31  25.13  135 1    5  250    3  045   -7    1    1   9999   31    3 1000   24   13    2   32   24 9999 9999 9999
59096 114.48  24.37  215 1    9  110    2  056   -7    1    1   9999   34    9 1500   23   20    2   31 9999 9999 9999 9999
56571 102.27  27.90 1592 1    9  220    1 9999   -1    1    1   9999   34    9 1500   14   30    2   22 9999 9999 9999 9999
56287 103.00  29.98  629 1    7  220    3  059  -11    1    1   9999 9999    8 9999   14   30    2   27   24 9999 9999 9999
54527 117.06  39.08    4 1   10  180    4  085    1    0    0   9999 9999   10 9999   16    8   10   20   22 9999 9999 9999
59133 118.91  24.90   23 1    9  200    6  063   -2    1    1   9999   35    9 2000   24   15    2   27   23 9999 9999 9999
58818 116.63  26.23  359 1    7  270    7  048   -8    1    1   9999   32    3 1500   22   20    2   30 9999   12 9999 9999
58933 118.98  26.91  871 1    9  200    5  054   -5    1    1   9999   35    9 1000   20   20    2   27 9999 9999 9999 9999
58820 117.16  26.90  345 1    9  250    2  045   -6    1    1   9999   31    1 1500   23   16    2   30   24 9999 9999 9999
54335 122.08  41.68   38 1    9  200    6  077   -2    0    0   9999   37    8 1000   17   10   60   18   23 9999 9999 9999
57798 114.60  27.40   86 1    9  220    2  028   -5    1    1   9999   38    9 1000   23   18    2   32 9999 9999 9999 9999
57799 114.91  27.05   65 1    9  180    3  037    0    1    1   9999 9999    9 9999   25   30    2   32   23 9999 9999 9999
58502 116.00  29.73   37 1   10  250    4  048    5    8    6   9999   35   10 2000   20    7   10   23 9999 9999 9999 9999
57789 113.95  27.13  184 1    7  200    4  031   -1    1    1   9999   38    8 2000   22   25    2   30 9999 9999 9999 9999
59092 114.81  24.91  207 1    9  250    4  052   -5    1    1   9999   31    8 1000   23   20    2   31   23 9999 9999 9999
58806 116.01  26.48  210 1    4  180    4  046   -8    1    1   9999   38    4 1000   23   18    2   32 9999 9999 9999 9999
58637 117.98  28.45  115 1   10  360    1  043    6    6    0   9999   35   10  300   24  2.0   60   25 9999 9999 9999 9999
58705 115.42  27.33   88 1    7  200    4  031   -1    1    1   9999 9999    8 9999   24   21    2   32   23 9999 9999 9999
59102 115.65  24.95  303 1    7  180    1  061   -3    1    1   9999   38    8 1000   24   17    2   29 9999 9999 9999 9999
