diamond  1 2007年06月01日14时地面观测（全站点）              
  07  06  01  14   3738
13586  21.65  41.97  239 1    0    0    0  166    7    1    1   9999 9999 9999 9999   11   15    2   15 9999 9999 9999 9999
91366 167.73   8.73    8 1    9   50    7  089   -2    8    2      2   34    6  600   24   16   25   26   27   13 9999 9999
53352 110.43  41.70 1377 1    0  250    7  981   -3    1    1   9999 9999 9999 9999  -12   30    2   30 9999 9999 9999 9999
57378 112.57  31.17   66 1    9   20    3  053  -13    1    1   9999 9999    9 9999   17   14    2   28   23 9999 9999 9999
50246 124.71  52.31  359 1    9  180    7  980   -1    1    1   9999   39    8 1000   13   25    2   19 9999   12 9999 9999
50779 134.28  48.36   66 1    7  250    4  058  -13    1    1   9999 9999    0 9999   12   20    2   30 9999   12 9999 9999
58336 118.52  31.70   20 1   10  290    3  030    0    6    0   0.01 9999   10 9999   20    9   10   21   27 9999 9999 9999
17601  32.98  34.58   23 1    2   70    4  131   11    1    1   9999   35    3 1000   15   18    2   22 9999 9999 9999 9999
91334 151.85   7.47    2 1   10   50    6  089   -2    8    2      1   33    8  600   24   16   80   26   27 9999 9999 9999
16597  14.48  35.85   91 1    1  230    3  169    0    1    1   9999 9999    0 9999   15   20    2   20 9999   11 9999 9999
58047 119.23  34.30    5 1   10   70    5  058   -7    6    0    0.4   37    8  300   15   20   21   17   22 9999 9999 9999
57741 109.18  27.72  281 1   10   90    2  048  -13    6    0   0.01   35   10 2000   21   30    0   25 9999 9999 9999 9999
57912 106.66  26.16  989 1    9   20    5  052  -15    8    0   0.01   35    9 1000   15   13    0   23 9999 9999 9999 9999
57259 110.76  32.03  427 1    2  200    1  047  -23    1    1   9999   31    1 1000   17   30    2   28   24 9999 9999 9999
57395 114.12  31.57   72 1    7   40    4  044  -14    1    1   9999 9999    8 9999   17   12    2   24   24 9999 9999 9999
59096 114.48  24.37  215 1    9  200    2  030  -24    1    1   9999   34    9 1500   22   20    2   33 9999 9999 9999 9999
50953 126.77  45.75  143 1   10  200    4  059  -13    6    0   0.01   35    8 2000   11   20   60   23   21 9999 9999 9999
50867 127.35  46.08  135 1   10  200    5  067   -9    1    1   9999   35    6 2000   12   18    2   22   21 9999 9999 9999
50877 129.58  46.30  101 1   10  220    6  071  -13    1    1   9999 9999    0 9999   14   13    2   25 9999   17 9999 9999
54096 131.15  44.38  498 1    7  110    3  086  -14    1    1   9999   31    1 1000   12   20    2   25 9999   12 9999 9999
50963 128.73  45.97  110 1   10  220    5  072  -12    1    1   9999   35   10 2000   14   10    2   24 9999 9999 9999 9999
59845 109.58  19.52  169 1    5  290    2  039  -15    1    1   9999   31    5 1000   22   30    2   35 9999 9999 9999 9999
56571 102.27  27.90 1592 1    6  220    3 9999  -28    1    1   9999   34    6 2000   13   30    2   26 9999 9999 9999 9999
54527 117.06  39.08    4 1    9  160    3  071  -13    1    1   9999   35    9 2000   17   10    2   22 9999 9999 9999 9999
53687 113.63  37.78  752 1    2   20    4  016  -22    1    1   9999 9999    0 9999   13   12    2   30 9999   12 9999 9999
53419 107.00  40.33 1056 1    7  250    4  981  -16    1    1   9999 9999    0 9999  -13   20    2   32 9999   12 9999 9999
53467 111.18  40.26 1018 1    0  290    4  990  -15    1    1   9999 9999 9999 9999   -4   20    2   31 9999 9999 9999 9999
53533 108.73  39.85 1390 1    1  250    7  005  -12    1    1   9999 9999    0 9999  -11   30    2   29 9999   12 9999 9999
53730 107.48  38.18 1335 1    0  290    2  014  -17    1    1   9999 9999 9999 9999   -7   30    2   29 9999 9999 9999 9999
