diamond  1 2007年06月01日17时地面观测（全站点）              
  07  06  01  17   3086
53352 110.43  41.70 1377 1    2  250    3  969  -13    1    1   9999 9999    0 9999  -12   30    2   30 9999   12 9999 9999
57378 112.57  31.17   66 1    9  290    2  041  -11    1    1   9999 9999    9 9999   17   14    2   29   23 9999 9999 9999
56287 103.00  29.98  629 1    2   90    2  000  -17    1    1   9999   31    1 1000   11   30    2   33   24 9999 9999 9999
58336 118.52  31.70   20 1   10  290    3  028   -1    1    1   9999   37    5  600   20   12    2   22   27 9999 9999 9999
59001 105.33  24.78  674 1    9  140    1  008  -26    1    1   9999   31    1 1000   21   15    2   28   24 9999 9999 9999
57395 114.12  31.57   72 1    0   20    3  033  -10    1    1   9999 9999 9999 9999   18   12    2   25 9999 9999 9999 9999
57458 110.65  30.20  620 1   10   20    1  055   -5    6    0   9999   37    4  600   19   12   60   22   22 9999 9999 9999
50779 134.28  48.36   66 1    7  220    2  054   -3    1    1   9999 9999    0 9999   12   18    2   29 9999   12 9999 9999
50246 124.71  52.31  359 1    9  200    5  972   -8    1    1   9999   32    3 1500   13   30    2   22   23   12 9999 9999
50867 127.35  46.08  135 1   10  250    4  066   -1    1    1   9999 9999   10 9999   12   20    2   20   27 9999 9999 9999
50953 126.77  45.75  143 1   10  180    5  066    5    6    0   9999 9999   10 9999   13   20   60   18   22 9999 9999 9999
50877 129.58  46.30  101 1   10  220    4  069   -2    6    0   9999   35    4 2000   15   12   21   24 9999   17 9999 9999
50955 126.30  45.38  167 1   10  180    4  062   -5    8    8   9999   39   10 1500   13   12   80   17 9999 9999 9999 9999
50745 123.92  47.38  147 1   10  160    5  006   -1    0    0   9999   37    8  600   15    9   60   18   22 9999 9999 9999
54096 131.15  44.38  498 1    9   70    4  090    0    1    1   9999 9999    0 9999   11   20    2   21 9999   12 9999 9999
50963 128.73  45.97  110 1   10  290    3  070   -1    1    1   9999   35   10 2000   14   10    2   23 9999 9999 9999 9999
54527 117.06  39.08    4 1    9  160    2  059  -11    1    1   9999 9999    9 9999   18   10    2   22   24 9999 9999 9999
56571 102.27  27.90 1592 1    5  270    2 9999  -29    1    1   9999   34    5 2000   12   30    2   28 9999 9999 9999 9999
56386 103.75  29.56  422 1    1  110    3  002  -19    1    1   9999 9999    1 9999   12   30    2   33   24 9999 9999 9999
56666 101.72  26.58 1191 1    1  360    2  907  -32    1    1   9999   31    1 1500   13   30    2   36 9999   12 9999 9999
56492 104.60  28.80  342 1    0   90    2  010  -19    1    1   9999 9999 9999 9999   14   30    2   32 9999 9999 9999 9999
59096 114.48  24.37  215 1    9  270    1  016  -13    1    1   9999   31    4 1500   22   20    2   33 9999   12 9999 9999
53687 113.63  37.78  752 1    9   40    5  030    3    0    0   9999 9999    0 9999   16    8   10   24 9999   12 9999 9999
58619 116.37  27.97   51 1   10  140    1  030   -6    9    8   9999   39   10  600   24   15   95   25 9999 9999 9999 9999
58600 115.37  28.87   80 1   10  140    2  017   -3    1    1   9999   35   10 1500   23   12    2   27 9999 9999 9999 9999
57894 114.17  26.58  838 1    9  290    2  025   -7    1    1   9999   39    9 1000   22   20    2   28 9999 9999 9999 9999
58502 116.00  29.73   37 1   10  270    2  034   -1    1    1   9999   35   10 2000   19   11    2   25 9999 9999 9999 9999
59092 114.81  24.91  207 1    4  220    3  008  -13    1    1   9999   31    3 1000   22   30    2   35 9999   11 9999 9999
58634 118.25  28.68  114 1   10  250    4  025   -2    9    8   9999   39   10  300   25  1.7   80   25 9999 9999 9999 9999
