diamond  1 2007年06月01日08时地面观测（全站点）              
  07  06  01  08   3590
57279 112.75  32.15  127 1    0  320    2  065   10    1    1   9999 9999 9999 9999   16   15    2   21 9999 9999 9999 9999
57256 110.78  32.65  287 1    7  270    3  074    9    1    1   9999 9999    5 9999   16   30    2   20   23   11 9999 9999
53687 113.63  37.78  752 1    7    0    0  071    6    0    0   9999 9999    8 9999   14  3.0   10   17   23 9999 9999 9999
56287 103.00  29.98  629 1    6  220    5  075   -6    6    0    0.2 9999    6 9999   14   30    0   22   24 9999 9999 9999
17601  32.98  34.58   23 1    1  270    2  124    5    1    1   9999   35    1  600   15   16    2   19 9999 9999 9999 9999
13579  20.82  41.10  705 1    0   60    1  185   -1    1    1   9999 9999 9999 9999    6   20    2    6 9999 9999 9999 9999
16597  14.48  35.85   91 1    0  200    2  174   -7    1    1   9999 9999 9999 9999   15   15    2   17 9999 9999 9999 9999
58820 117.16  26.90  345 1    9  220    1  053    7    1    1   9999   35    4 1500   23   16    2   26   24 9999 9999 9999
53352 110.43  41.70 1377 1    0  270    4  993   10    1    1   9999 9999 9999 9999   -9   30    2   21 9999 9999 9999 9999
50867 127.35  46.08  135 1   10  220    6  076    8    1    1   9999   35    8 2000   14   10    2   21   21 9999 9999 9999
50656 126.51  48.28  272 1    9  180    4  043    0    1    1   9999   35    8 2000   15   20    2   20   23   12 9999 9999
50955 126.30  45.38  167 1   10  220    6  075    7    1    1   9999 9999   10 9999   12   18    2   20   22 9999 9999 9999
50877 129.58  46.30  101 1   10  220    1  088    4    1    1   9999 9999    0 9999   13   12    2   19 9999   17 9999 9999
50246 124.71  52.31  359 1   10  140    2  980    0    1    1   9999 9999    0 9999   10   25    2   18 9999   17 9999 9999
50353 126.65  51.72  178 1    9  140    4  005   -3    1    1   9999 9999    0 9999   11   20    2   21 9999   12 9999 9999
59478 112.78  22.25   33 1    2  180    2  065   14    1    1   9999   31    3 1000   25   20    2   29 9999 9999 9999 9999
54527 117.06  39.08    4 1   10  180    2  084    0    0    0   9999 9999   10 9999   16    8   10   18   22 9999 9999 9999
56846  99.90  24.60 1589 1    2 9999 9999 9999    6    1    1   9999   34    3 1500   16   30    2   20 9999 9999 9999 9999
57894 114.17  26.58  838 1    7    0    0  055    9    1    1   9999   31    3 1000   22   25    2   25   24 9999 9999 9999
59092 114.81  24.91  207 1    4    0    0  059    8    1    1   9999   31    3 1000   26   17    2   27   23 9999 9999 9999
59102 115.65  24.95  303 1    9  160    1  066    3    6    0   0.01   38    9 1000   23   12    0   26 9999 9999 9999 9999
54497 124.33  40.05   14 1    9  110    1  117    5    1    1   9999   35    9 1000   14   10    2   18 9999 9999 9999 9999
54335 122.08  41.68   38 1    9  200    8  080   -6    6    0    0.2   35    9 1500   16   10    0   17 9999 9999 9999 9999
54455 120.70  40.58   10 1    9  140    5  092   -2    1    1   9999   32    8 1500   14   11    2   17 9999   12 9999 9999
57494 114.13  30.62   27 1   10   40    1  057   16    6    0    0.4 9999   10 9999   19   10    0   23   27 9999 9999 9999
57378 112.57  31.17   66 1    9  340    2  064   13    6    0    0.3 9999    9 9999   18   12    0   22   23 9999 9999 9999
57583 113.91  29.98   36 1   10  360    2  057   14    6    0    0.1 9999   10 9999   22   10    0   24   27 9999 9999 9999
57290 114.01  33.00   83 1   10  360    1  073   11    0    0   9999 9999   10 9999   17    9   10   19   27 9999 9999 9999
13586  21.65  41.97  239 1    0   80    1  163    4    1    1   9999 9999 9999 9999   10   20    2   12 9999 9999 9999 9999
